26,402.69,164.62,31.538,76.923,1.0109
32,67.5,150,41,100,1.2806
40,413.75,179,20.5,50,1.596
61,595.5,54,41,100,1.3502
87,413.75,175,20.5,50,3.2273
143,355.5,142,41,100,2.8022
199,371.92,164.62,31.538,76.923,0.85273
206,82.667,179.41,24.322,59.321,1.8088
235,-15,100,136.67,333.33,1.839
236,-15,73.333,136.67,333.33,1.9744
237,-14.4,94.737,130.47,318.22,5.1532
238,10,108.57,117.14,285.71,11.686
239,11.667,100,136.67,333.33,14.354
240,11.667,100,136.67,333.33,19.516
241,11.2,94.737,130.47,318.22,15.003
242,32.857,108.57,117.14,285.71,14.957
243,38.333,100,136.67,333.33,18.901
243,163.5,134,41,100,1.8999
244,38.333,100,136.67,333.33,20.363
245,38.333,100,136.67,333.33,17.824
246,62.4,94.737,130.47,318.22,17.745
247,65,100,136.67,333.33,21.154
248,65,73.333,136.67,333.33,15.603
249,88,94.737,130.47,318.22,20.829
250,113.6,94.737,130.47,318.22,16.881
251,113.6,94.737,130.47,318.22,20.375
252,113.6,94.737,130.47,318.22,23.511
253,104.76,52.5,155.16,378.43,19.163
254,145,73.333,136.67,333.33,21.769
254,91.667,73.333,136.67,333.33,6.5988
255,145,73.333,136.67,333.33,17.975
256,139.2,94.737,130.47,318.22,16.366
257,145,73.333,136.67,333.33,13.794
258,165.71,52.5,155.16,378.43,14.022
259,164.8,94.737,130.47,318.22,11.32
259,216,94.737,130.47,318.22,1.9766
260,190.4,94.737,130.47,318.22,16.574
261,198.33,73.333,136.67,333.33,18.676
262,196.19,52.5,155.16,378.43,20.858
263,206,56,164,400,25.409
264,225,73.333,136.67,333.33,19.904
265,241.6,94.737,130.47,318.22,24.377
266,251.67,73.333,136.67,333.33,29.943
267,251.67,73.333,136.67,333.33,26.515
268,257.14,52.5,155.16,378.43,25.092
269,257.14,52.5,155.16,378.43,24.63
270,257.14,52.5,155.16,378.43,22.838
271,278.33,73.333,136.67,333.33,18.927
272,287.62,52.5,155.16,378.43,18.735
273,287.62,52.5,155.16,378.43,19.058
274,318.1,52.5,155.16,378.43,18.364
275,331.67,100,136.67,333.33,24.516
276,334,56,164,400,21.821
277,358.33,100,136.67,333.33,16.571
278,358.33,73.333,136.67,333.33,14.854
279,358.33,100,136.67,333.33,20.127
280,366,56,164,400,26.143
281,366,56,164,400,20.168
282,395.2,94.737,130.47,318.22,19.749
283,395.2,94.737,130.47,318.22,17.473
284,395.2,94.737,130.47,318.22,12.949
285,409.52,52.5,155.16,378.43,12.778
286,409.52,52.5,155.16,378.43,9.4867
287,430,56,164,400,8.9784
288,462,56,164,400,10.459
289,462,56,164,400,11.527
290,462,56,164,400,15.326
291,497.6,120,130.47,318.22,13.926
292,494,56,164,400,12.538
293,494,56,164,400,14.555
294,518.33,100,136.67,333.33,9.7013
295,523.2,120,130.47,318.22,3.8833
296,518.33,100,136.67,333.33,2.8738
331,411.16,177.82,22.334,54.474,0.10278
339,411.16,177.82,22.334,54.474,1.8269
343,409.78,174.65,24.322,59.321,1.428
344,411.16,177.82,22.334,54.474,7.5189
345,409.78,174.65,24.322,59.321,1.7693
357,363.68,160.62,37.762,92.102,3.1145
358,366.74,167.32,34.577,84.335,3.1995
397,410.27,168,28.991,70.709,2.4397
401,408.85,170.77,31.538,76.923,1.093
404,408.85,170.77,31.538,76.923,0.37777
419,408.85,170.77,31.538,76.923,2.909
420,407.16,160.56,34.577,84.335,0.60665
424,355.5,166,41,100,3.2735
430,363.5,166,41,100,3.551
433,363.5,166,41,100,2.3
437,408.85,170.77,31.538,76.923,-0.10939
438,408.85,170.77,31.538,76.923,6.4091
442,360,180.85,34.577,84.335,3.5536
442,408.85,176.92,31.538,76.923,0.11167
452,564.84,101.94,26.452,64.516,0.57724
467,117.47,120,34.577,84.335,1.9046
472,147.5,150,41,100,0.79617
478,504.59,136.63,24.322,59.321,2.1377
480,518.81,136.63,24.322,59.321,0.28059
483,408.85,176.92,31.538,76.923,5.2223
486,408.85,176.92,31.538,76.923,1.2386
501,356.32,182.77,37.762,92.102,1.1639
503,363.68,175.38,37.762,92.102,2.3488
511,356.32,175.38,37.762,92.102,2.9556
521,363.5,166,41,100,0.22182
523,376.33,204,22.334,54.474,1.6455
541,365.77,183.08,31.538,76.923,0.1484
546,568.85,100.24,28.991,70.709,0.70294
566,331.5,190,41,100,0.92687
601,164.63,201.13,34.577,84.335,-0.58984
602,156.54,201.54,31.538,76.923,2.4543
611,100.27,181.09,44.846,109.38,1.0558
643,202.31,58.462,63.077,153.85,0.2018
665,448.46,83.077,63.077,153.85,0.34805
707,557.75,71,20.5,50,4.699
712,553.75,67,20.5,50,2.116
727,569.75,55,20.5,50,4.4112
731,577.75,55,20.5,50,3.4468
739,494.79,189.82,44.846,109.38,2.6745
745,598.37,42.545,22.334,54.474,4.9701
746,597.17,32.471,28.991,70.709,4.1439
747,600.97,34.839,26.452,64.516,4.4699
784,501.15,207.69,31.538,76.923,0.12866
794,411.16,112.36,22.334,54.474,1.0327
796,381.75,167,20.5,50,-0.058503
798,409.78,108.12,24.322,59.321,1.5626
798,157.75,175,20.5,50,0.32605
807,153.78,169.9,24.322,59.321,2.4579
811,28.027,190.91,22.334,54.474,0.52057
812,29.75,199,20.5,50,2.5121
815,421.75,115,20.5,50,1.7025
817,17.742,189.68,26.452,64.516,-0.28114
826,134.81,169.9,24.322,59.321,0.26018
829,425.75,107,20.5,50,2.3552
829,129.75,179,20.5,50,2.1229
833,125.75,187,20.5,50,2.6663
847,433.75,103,20.5,50,3.4269
852,389.75,179,20.5,50,1.2387
855,358.91,173.45,22.334,54.474,-0.1753
883,53.451,173.65,28.991,70.709,2.2983
885,411.16,186.55,22.334,54.474,0.39682
889,417.75,195,20.5,50,1.6826
896,428.74,188.91,24.322,59.321,5.333
896,410,169.03,26.452,64.516,0.39127
897,428.74,188.91,24.322,59.321,6.2144
902,428.74,193.66,24.322,59.321,0.54497
905,433.46,176.92,31.538,76.923,0.1929
906,433.75,199,20.5,50,3.1577
907,438.58,190.59,28.991,70.709,4.6329
908,438.58,184.94,28.991,70.709,0.42408
909,439.62,183.08,31.538,76.923,0.88342
958,585.75,127,20.5,50,4.0358
959,594.01,125.45,22.334,54.474,0.30091
960,599.62,287.69,31.538,76.923,0.81812
962,607.07,125.45,22.334,54.474,0.71704
1021,9.75,131,20.5,50,0.89148
1029,465.75,163,20.5,50,1.4047
1032,473.75,163,20.5,50,7.8447
1033,473.75,163,20.5,50,7.2599
1037,476.46,164.73,22.334,54.474,4.0797
1038,476.15,155.64,24.322,59.321,1.8143
1039,477.75,167,20.5,50,5.2544
1040,472.57,145.41,28.991,70.709,0.83239
1041,481.75,167,20.5,50,8.9242
1042,481.75,167,20.5,50,13.781
1043,481.75,167,20.5,50,14.011
1044,481.75,167,20.5,50,11.716
1045,485.75,167,20.5,50,6.3515
1046,485.17,164.73,22.334,54.474,9.7087
1047,485.75,167,20.5,50,6.578
1048,485.75,163,20.5,50,9.4789
1049,489.75,163,20.5,50,0.745
1050,485.75,167,20.5,50,6.3909
1050,493.75,167,20.5,50,0.62856
1051,489.75,167,20.5,50,12.839
1052,489.75,167,20.5,50,3.5854
1053,489.75,167,20.5,50,6.6059
1054,493.88,164.73,22.334,54.474,8.0013
1055,493.75,167,20.5,50,11.997
1056,493.75,167,20.5,50,13.345
1056,525.75,155,20.5,50,1.2575
1057,493.88,164.73,22.334,54.474,6.867
1057,525.75,155,20.5,50,0.59381
1058,529.75,155,20.5,50,2.4429
1059,497.75,171,20.5,50,14.913
1060,497.75,171,20.5,50,13.571
1061,497.75,171,20.5,50,10.521
1062,497.75,171,20.5,50,8.1435
1062,505.75,171,20.5,50,2.1528
1062,529.75,155,20.5,50,0.79669
1063,501.75,171,20.5,50,9.4272
1064,497.75,171,20.5,50,10.148
1065,501.75,171,20.5,50,8.8749
1066,502.59,164.73,22.334,54.474,9.2681
1066,529.75,155,20.5,50,1.6364
1067,505.75,171,20.5,50,16.138
1067,533.75,155,20.5,50,6.4168
1068,505.75,171,20.5,50,11.116
1068,533.06,156,22.334,54.474,1.2705
1069,533.75,155,20.5,50,8.4311
1070,509.33,165.15,24.322,59.321,6.6602
1070,537.75,159,20.5,50,5.8436
1071,509.75,171,20.5,50,7.7648
1072,509.33,165.15,24.322,59.321,12.291
1073,508.06,163.87,26.452,64.516,9.4113
1074,509.33,165.15,24.322,59.321,18.641
1074,537.75,159,20.5,50,0.72535
1075,509.33,165.15,24.322,59.321,9.2342
1075,537.41,156,22.334,54.474,2.8148
1076,511.29,169.09,22.334,54.474,14.652
1076,537.41,156,22.334,54.474,9.2399
1077,509.33,165.15,24.322,59.321,19.066
1077,537.41,156,22.334,54.474,7.7531
1078,509.33,165.15,24.322,59.321,11.003
1078,537.75,159,20.5,50,6.0651
1079,509.33,165.15,24.322,59.321,11.208
1079,537.78,150.89,24.322,59.321,7.7521
1080,537.75,159,20.5,50,6.7096
1080,511.29,169.09,22.334,54.474,6.0404
1081,511.29,169.09,22.334,54.474,13.885
1081,537.78,150.89,24.322,59.321,3.7692
1082,509.33,165.15,24.322,59.321,10.803
1082,537.41,156,22.334,54.474,5.7908
1083,514.07,169.9,24.322,59.321,14.725
1083,537.41,156,22.334,54.474,8.6203
1084,514.07,169.9,24.322,59.321,7.861
1084,537.75,159,20.5,50,7.1
1085,514.07,169.9,24.322,59.321,14.596
1085,537.41,156,22.334,54.474,1.3484
1086,514.07,169.9,24.322,59.321,10.977
1086,537.41,156,22.334,54.474,1.2284
1087,514.07,169.9,24.322,59.321,13.5
1088,514.07,169.9,24.322,59.321,14.796
1088,537.41,156,22.334,54.474,3.4371
1089,514.07,169.9,24.322,59.321,15.124
1089,537.41,156,22.334,54.474,3.5295
1090,514.07,169.9,24.322,59.321,15.115
1090,537.41,156,22.334,54.474,3.2026
1091,514.07,169.9,24.322,59.321,19.403
1091,537.41,156,22.334,54.474,3.1052
1092,514.07,169.9,24.322,59.321,16.119
1093,514.07,169.9,24.322,59.321,17.59
1093,537.41,156,22.334,54.474,3.9266
1094,514.07,169.9,24.322,59.321,16.944
1094,537.75,159,20.5,50,1.7254
1095,514.07,169.9,24.322,59.321,18.341
1095,537.75,163,20.5,50,3.2761
1095,567.89,151.64,22.334,54.474,2.1985
1096,514.07,169.9,24.322,59.321,16.667
1096,537.75,163,20.5,50,7.052
1097,514.07,169.9,24.322,59.321,19.468
1097,537.78,150.89,24.322,59.321,-0.35561
1098,514.07,169.9,24.322,59.321,17.083
1099,514.07,169.9,24.322,59.321,13.097
1099,541.75,163,20.5,50,1.2765
1100,514.07,169.9,24.322,59.321,18.239
1100,537.41,156,22.334,54.474,1.7974
1101,518.39,169.03,26.452,64.516,14.588
1102,518.81,169.9,24.322,59.321,17.052
1103,518.81,169.9,24.322,59.321,13.618
1104,518.39,169.03,26.452,64.516,13.254
1104,570.96,146.14,24.322,59.321,-0.39513
1105,518.39,169.03,26.452,64.516,13.155
1105,570,148.39,26.452,64.516,0.68506
1106,518.81,169.9,24.322,59.321,18.09
1107,518.81,169.9,24.322,59.321,17.211
1108,518.81,169.9,24.322,59.321,20.122
1108,567.89,147.27,22.334,54.474,4.5161
1109,518.39,169.03,26.452,64.516,17.358
1110,518.81,169.9,24.322,59.321,17.522
1111,518.81,169.9,24.322,59.321,19.551
1111,572.24,151.64,22.334,54.474,3.7743
1112,518.81,169.9,24.322,59.321,22.165
1112,568.85,140,31.538,76.923,2.3091
1113,518.81,169.9,24.322,59.321,18.854
1113,562.69,140,31.538,76.923,4.1534
1114,518.81,169.9,24.322,59.321,14.33
1114,568.85,140,31.538,76.923,6.9726
1115,518.81,169.9,24.322,59.321,19.057
1115,541.75,159,20.5,50,1.3692
1116,518.81,169.9,24.322,59.321,19.454
1117,518.81,169.9,24.322,59.321,19.522
1117,568.85,139.76,28.991,70.709,0.45435
1118,518.81,169.9,24.322,59.321,18.515
1118,568.85,140,31.538,76.923,3.7696
1119,518.81,169.9,24.322,59.321,19.603
1119,568.85,140,31.538,76.923,8.9045
1120,518.81,169.9,24.322,59.321,16.341
1121,518.81,169.9,24.322,59.321,15.832
1121,576.6,147.27,22.334,54.474,2.0422
1122,518.81,169.9,24.322,59.321,22.514
1122,575.7,146.14,24.322,59.321,4.1638
1123,518.81,169.9,24.322,59.321,16.224
1123,575.7,146.14,24.322,59.321,4.08
1124,518.81,169.9,24.322,59.321,19.43
1124,575.16,143.23,26.452,64.516,2.409
1125,518.81,169.9,24.322,59.321,12.162
1125,575.16,143.23,26.452,64.516,2.8811
1126,518.81,169.9,24.322,59.321,15.058
1126,575.7,146.14,24.322,59.321,3.8801
1127,518.81,169.9,24.322,59.321,14.65
1127,575.16,143.23,26.452,64.516,2.2388
1128,518.81,169.9,24.322,59.321,17.168
1129,518.81,169.9,24.322,59.321,12.666
1129,575.7,146.14,24.322,59.321,7.0122
1130,514.07,169.9,24.322,59.321,18.559
1130,577.75,151,20.5,50,4.5383
1131,514.07,169.9,24.322,59.321,13.793
1131,575.7,146.14,24.322,59.321,8.059
1131,533.04,150.89,24.322,59.321,0.5983
1132,514.07,169.9,24.322,59.321,16.794
1132,575.7,146.14,24.322,59.321,4.4712
1133,513.23,169.03,26.452,64.516,14.028
1133,572.24,147.27,22.334,54.474,6.078
1134,514.07,169.9,24.322,59.321,22.245
1134,576.6,147.27,22.334,54.474,5.213
1135,518.81,174.65,24.322,59.321,14.454
1135,508.06,169.03,26.452,64.516,4.9034
1135,575.7,146.14,24.322,59.321,0.072545
1136,518.81,174.65,24.322,59.321,13.445
1136,575.16,143.23,26.452,64.516,4.8566
1137,514.07,174.65,24.322,59.321,14.794
1137,576.6,147.27,22.334,54.474,2.9172
1138,508.06,169.03,26.452,64.516,13.025
1138,518.81,174.65,24.322,59.321,1.7868
1138,574.51,139.76,28.991,70.709,0.88625
1139,514.07,174.65,24.322,59.321,13.58
1139,577.75,151,20.5,50,3.0864
1140,514.07,174.65,24.322,59.321,10.301
1141,508.06,169.03,26.452,64.516,14.112
1142,508.06,169.03,26.452,64.516,12.625
1143,509.33,174.65,24.322,59.321,24.24
1143,575.16,143.23,26.452,64.516,5.1958
1144,509.33,174.65,24.322,59.321,13.185
1145,509.33,174.65,24.322,59.321,12.243
1145,572.24,147.27,22.334,54.474,4.7115
1146,502.9,174.19,26.452,64.516,6.16
1147,505.75,191,20.5,50,7.0682
1147,570.96,146.14,24.322,59.321,5.7475
1148,502.59,186.55,22.334,54.474,4.9359
1149,502.59,177.82,22.334,54.474,3.7939
1149,533.06,156,22.334,54.474,1.0218
1150,501.75,179,20.5,50,3.6979
1151,499.85,179.41,24.322,59.321,3.6413
1151,572.24,151.64,22.334,54.474,3.1134
1152,502.59,177.82,22.334,54.474,5.2608
1152,572.24,151.64,22.334,54.474,4.8173
1152,528.71,153.55,26.452,64.516,1.6709
1153,498.23,182.18,22.334,54.474,7.1292
1153,570,143.23,26.452,64.516,1.7206
1153,528.3,155.64,24.322,59.321,1.087
1154,528.71,153.55,26.452,64.516,4.1027
1154,497.75,187,20.5,50,0.82086
1155,489.52,182.18,22.334,54.474,8.3271
1155,572.24,147.27,22.334,54.474,6.1272
1155,528.71,153.55,26.452,64.516,1.9812
1156,489.75,183,20.5,50,5.9015
1156,572.24,151.64,22.334,54.474,5.4773
1156,528.71,153.55,26.452,64.516,1.2257
1157,528.71,153.55,26.452,64.516,4.6847
1157,573.75,155,20.5,50,4.1475
1157,490.37,174.65,24.322,59.321,2.139
1158,528.71,153.55,26.452,64.516,1.6266
1158,570,148.39,26.452,64.516,0.0091689
1159,485.17,182.18,22.334,54.474,10.103
1159,570,148.39,26.452,64.516,6.1907
1160,480.89,179.41,24.322,59.321,10.56
1160,528.3,155.64,24.322,59.321,2.3535
1161,485.17,182.18,22.334,54.474,5.8912
1162,477.1,179.35,26.452,64.516,10.11
1163,477.1,179.35,26.452,64.516,15.982
1163,564.84,148.39,26.452,64.516,4.7475
1164,477.1,179.35,26.452,64.516,14.581
1164,528.3,155.64,24.322,59.321,2.665
1164,562.11,140.28,34.577,84.335,1.8688
1165,477.1,179.35,26.452,64.516,15.03
1165,562.69,146.15,31.538,76.923,2.3212
1165,528.3,155.64,24.322,59.321,2.1012
1166,477.1,179.35,26.452,64.516,10.314
1166,564.84,153.55,26.452,64.516,5.3176
1166,528.71,156,22.334,54.474,2.3475
1167,471.94,174.19,26.452,64.516,7.6055
1167,564.84,148.39,26.452,64.516,4.0736
1168,472.57,173.65,28.991,70.709,16.067
1168,563.19,151.06,28.991,70.709,1.4764
1168,173.75,167,20.5,50,0.89888
1169,471.41,179.41,24.322,59.321,15.488
1170,466.77,174.19,26.452,64.516,12.312
1170,476.15,184.16,24.322,59.321,6.2042
1170,557.52,151.06,28.991,70.709,5.145
1171,466.77,174.19,26.452,64.516,13.691
1171,559.68,153.55,26.452,64.516,5.0736
1172,466.67,179.41,24.322,59.321,9.6969
1172,556.74,160.4,24.322,59.321,3.9858
1173,461.24,173.65,28.991,70.709,10.809
1173,561.75,159,20.5,50,3.7702
1174,461.93,179.41,24.322,59.321,16.561
1174,471.41,179.41,24.322,59.321,2.1462
1175,461.93,179.41,24.322,59.321,19.413
1175,559.18,164.73,22.334,54.474,3.9054
1175,471.41,179.41,24.322,59.321,1.7021
1176,461.93,179.41,24.322,59.321,13.052
1176,557.75,163,20.5,50,4.7773
1177,455.58,173.65,28.991,70.709,16.573
1177,557.75,167,20.5,50,3.7459
1178,461.61,179.35,26.452,64.516,21.417
1178,554.83,164.73,22.334,54.474,5.2339
1179,455.58,173.65,28.991,70.709,22.222
1179,554.52,153.55,26.452,64.516,6.984
1180,456.45,174.19,26.452,64.516,22.826
1180,554.83,160.36,22.334,54.474,2.8897
1181,451.29,179.35,26.452,64.516,25.35
1181,461.61,174.19,26.452,64.516,7.8207
1181,552,160.4,24.322,59.321,7.0523
1182,451.29,179.35,26.452,64.516,31.677
1182,554.83,160.36,22.334,54.474,7.2787
1182,523.55,153.55,26.452,64.516,3.443
1183,452.44,179.41,24.322,59.321,20.997
1183,554.83,160.36,22.334,54.474,5.2576
1183,523.55,158.71,26.452,64.516,0.41437
1184,449.91,173.65,28.991,70.709,19.646
1184,557.75,171,20.5,50,4.6735
1184,523.55,153.55,26.452,64.516,1.1835
1185,446.13,174.19,26.452,64.516,18.007
1185,524.35,160.36,22.334,54.474,6.2065
1185,556.74,160.4,24.322,59.321,5.1276
1186,444.25,173.65,28.991,70.709,19.383
1186,552,160.4,24.322,59.321,6.3349
1187,446.13,174.19,26.452,64.516,15.262
1187,524.35,160.36,22.334,54.474,5.075
1188,440.97,174.19,26.452,64.516,15.65
1188,552,160.4,24.322,59.321,8.6163
1189,440.97,179.35,26.452,64.516,23.077
1189,552,160.4,24.322,59.321,4.5336
1189,451.29,179.35,26.452,64.516,-0.59159
1190,441.63,177.82,22.334,54.474,18.374
1190,554.83,164.73,22.334,54.474,9.4771
1190,433.48,184.16,24.322,59.321,2.5583
1191,435.81,174.19,26.452,64.516,16.238
1191,552,160.4,24.322,59.321,9.0859
1192,435.81,179.35,26.452,64.516,20.443
1192,554.83,160.36,22.334,54.474,7.5428
1192,202.18,156,22.334,54.474,0.94192
1193,435.81,179.35,26.452,64.516,19.997
1193,552,155.64,24.322,59.321,7.8714
1193,199.62,133.85,31.538,76.923,3.4902
1193,524.35,164.73,22.334,54.474,-0.15598
1194,554.83,160.36,22.334,54.474,16.409
1194,433.48,174.65,24.322,59.321,12.364
1194,523.56,155.64,24.322,59.321,5.4999
1195,430.65,174.19,26.452,64.516,20.004
1195,552,155.64,24.322,59.321,4.0129
1195,523.56,155.64,24.322,59.321,2.5358
1196,428.74,179.41,24.322,59.321,19.699
1196,552,155.64,24.322,59.321,10.599
1197,427.26,168,28.991,70.709,19.557
1197,552,155.64,24.322,59.321,9.6917
1197,524.35,160.36,22.334,54.474,4.7089
1198,428.57,182.18,22.334,54.474,13.565
1198,552,160.4,24.322,59.321,7.9784
1198,525.75,159,20.5,50,5.2932
1198,421.75,191,20.5,50,0.38671
1199,550.48,160.36,22.334,54.474,15.222
1199,424,179.41,24.322,59.321,14.327
1199,524.35,160.36,22.334,54.474,3.2431
1200,421.15,164.62,31.538,76.923,18.4
1200,550.48,160.36,22.334,54.474,11.614
1201,424.22,182.18,22.334,54.474,21.7
1201,552,160.4,24.322,59.321,11.594
1201,417.75,191,20.5,50,9.0326
1201,525.75,163,20.5,50,0.67157
1202,420.32,179.35,26.452,64.516,20.943
1202,550.48,160.36,22.334,54.474,17.652
1203,419.26,179.41,24.322,59.321,17.191
1203,552,160.4,24.322,59.321,11.884
1203,523.56,155.64,24.322,59.321,2.7898
1204,549.75,163,20.5,50,20.207
1204,414.52,179.41,24.322,59.321,18.605
1205,415.16,179.35,26.452,64.516,19.97
1205,550.48,160.36,22.334,54.474,19.572
1206,415.16,179.35,26.452,64.516,15.229
1206,547.26,160.4,24.322,59.321,13.006
1207,414.52,179.41,24.322,59.321,22.916
1207,552,160.4,24.322,59.321,13.49
1208,411.16,186.55,22.334,54.474,14.687
1208,550.48,160.36,22.334,54.474,8.6025
1209,410,179.35,26.452,64.516,18.725
1209,547.26,160.4,24.322,59.321,10.674
1209,399.68,179.35,26.452,64.516,2.3787
1210,410,179.35,26.452,64.516,13.392
1210,547.26,160.4,24.322,59.321,11.27
1210,398.94,168,28.991,70.709,6.0815
1211,405.04,179.41,24.322,59.321,16.443
1211,547.26,160.4,24.322,59.321,13.597
1211,417.75,191,20.5,50,5.0667
1211,395.56,184.16,24.322,59.321,1.1195
1212,405.04,179.41,24.322,59.321,15.294
1212,415.51,186.55,22.334,54.474,9.0092
1212,547.26,160.4,24.322,59.321,2.7565
1213,547.26,160.4,24.322,59.321,11.335
1213,399.68,174.19,26.452,64.516,6.7216
1214,549.75,167,20.5,50,12.514
1214,400.3,179.41,24.322,59.321,11.9
1215,550.48,160.36,22.334,54.474,10.63
1215,400.3,179.41,24.322,59.321,8.187
1215,390.81,184.16,24.322,59.321,1.5315
1216,545.75,167,20.5,50,14.566
1216,398.1,186.55,22.334,54.474,10.189
1216,389.39,186.55,22.334,54.474,8.3612
1217,390.81,179.41,24.322,59.321,12.004
1217,545.75,167,20.5,50,11.452
1218,546.12,160.36,22.334,54.474,15.808
1218,387.61,168,28.991,70.709,7.7263
1219,387.61,173.65,28.991,70.709,17.357
1219,546.12,160.36,22.334,54.474,14.577
1220,389.39,186.55,22.334,54.474,17.53
1220,546.12,160.36,22.334,54.474,11.799
1221,384.19,174.19,26.452,64.516,18.758
1221,546.12,160.36,22.334,54.474,12.59
1222,386.07,179.41,24.322,59.321,14.963
1222,546.12,160.36,22.334,54.474,9.9833
1223,385.03,186.55,22.334,54.474,19.106
1223,545.75,167,20.5,50,12.275
1224,546.12,160.36,22.334,54.474,18.544
1224,379.03,179.35,26.452,64.516,16.947
1225,380.68,186.55,22.334,54.474,12.357
1225,545.75,167,20.5,50,8.2415
1225,368.71,174.19,26.452,64.516,6.9195
1226,541.77,160.36,22.334,54.474,14.291
1226,373.87,179.35,26.452,64.516,11.925
1227,373.87,179.35,26.452,64.516,18.296
1227,546.12,160.36,22.334,54.474,12.8
1227,363.55,174.19,26.452,64.516,3.6234
1228,371.85,179.41,24.322,59.321,18.598
1228,546.12,160.36,22.334,54.474,9.2886
1229,368.71,174.19,26.452,64.516,20.821
1229,541.77,160.36,22.334,54.474,8.2504
1230,368.71,174.19,26.452,64.516,19.148
1230,546.12,160.36,22.334,54.474,11.65
1231,364.96,173.65,28.991,70.709,16.818
1231,541.77,160.36,22.334,54.474,10.573
1232,364.96,173.65,28.991,70.709,13.719
1232,546.12,160.36,22.334,54.474,10.857
1233,362.37,179.41,24.322,59.321,17.065
1233,541.77,160.36,22.334,54.474,14.003
1233,69.75,183,20.5,50,2.9601
1234,362.37,184.16,24.322,59.321,12.13
1234,546.12,164.73,22.334,54.474,10.618
1235,358.39,174.19,26.452,64.516,16.376
1235,541.77,160.36,22.334,54.474,12.672
1236,358.39,174.19,26.452,64.516,16.227
1236,546.12,160.36,22.334,54.474,8.9981
1237,358.39,179.35,26.452,64.516,14.631
1237,541.77,160.36,22.334,54.474,9.3487
1238,353.63,173.65,28.991,70.709,18.973
1238,545.75,167,20.5,50,9.8177
1239,352.89,179.41,24.322,59.321,19.024
1239,541.75,163,20.5,50,14.683
1240,352.89,179.41,24.322,59.321,12.38
1240,541.77,160.36,22.334,54.474,8.9304
1241,545.75,167,20.5,50,14.907
1241,352.89,184.16,24.322,59.321,6.9121
1242,541.77,160.36,22.334,54.474,6.9595
1242,350.2,182.18,22.334,54.474,1.2688
1243,345.85,182.18,22.334,54.474,5.1006
1243,541.77,164.73,22.334,54.474,4.7813
1244,342.3,173.65,28.991,70.709,11.672
1244,541.77,164.73,22.334,54.474,7.1937
1245,341.15,170.77,31.538,76.923,5.8479
1245,541.75,167,20.5,50,5.24
1246,341.15,170.77,31.538,76.923,11.921
1246,541.77,160.36,22.334,54.474,9.4151
1247,335,170.77,31.538,76.923,9.6521
1247,537.78,160.4,24.322,59.321,4.6204
1248,541.77,164.73,22.334,54.474,10.799
1248,337.14,182.18,22.334,54.474,10.722
1249,333.93,179.41,24.322,59.321,15.305
1249,537.41,160.36,22.334,54.474,6.9416
1250,333.93,179.41,24.322,59.321,18.297
1250,541.75,163,20.5,50,9.4596
1251,327.42,179.35,26.452,64.516,13.581
1251,537.78,155.64,24.322,59.321,8.8606
1252,325.31,173.65,28.991,70.709,12.876
1252,537.41,160.36,22.334,54.474,6.3847
1253,325.31,168,28.991,70.709,12.332
1253,537.78,155.64,24.322,59.321,4.0493
1254,324.08,182.18,22.334,54.474,8.8516
1254,315.37,182.18,22.334,54.474,2.9167
1254,541.77,160.36,22.334,54.474,2.5456
1255,316.54,164.62,31.538,76.923,7.5346
1255,541.75,167,20.5,50,4.379
1255,533.06,160.36,22.334,54.474,3.135
1256,319.73,182.18,22.334,54.474,7.3126
1256,537.41,164.73,22.334,54.474,3.1479
1257,317.1,179.35,26.452,64.516,14.038
1257,533.04,160.4,24.322,59.321,6.352
1258,314.96,179.41,24.322,59.321,11.396
1258,537.41,160.36,22.334,54.474,5.6346
1259,311.94,179.35,26.452,64.516,10.57
1259,537.41,160.36,22.334,54.474,10.211
1260,308.32,173.65,28.991,70.709,8.5358
1260,533.04,160.4,24.322,59.321,8.1157
1261,310.22,179.41,24.322,59.321,9.2015
1261,533.06,160.36,22.334,54.474,4.8249
1262,533.06,160.36,22.334,54.474,8.2149
1262,306.77,174.19,26.452,64.516,3.8257
1263,533.06,160.36,22.334,54.474,10.859
1263,306.77,174.19,26.452,64.516,5.6561
1264,533.06,160.36,22.334,54.474,12.065
1264,302.65,173.65,28.991,70.709,10.482
1265,533.06,160.36,22.334,54.474,19.924
1265,301.61,179.35,26.452,64.516,9.3063
1266,533.75,167,20.5,50,10.411
1266,301.61,174.19,26.452,64.516,9.5892
1267,533.06,160.36,22.334,54.474,15.98
1267,300.74,179.41,24.322,59.321,1.6948
1268,296.45,174.19,26.452,64.516,9.9436
1268,537.75,167,20.5,50,5.2113
1269,533.04,160.4,24.322,59.321,5.4089
1270,533.06,160.36,22.334,54.474,7.3689
1270,291.33,173.65,28.991,70.709,7.3251
1271,291.33,173.65,28.991,70.709,11.637
1271,533.06,160.36,22.334,54.474,7.0944
1272,285.66,173.65,28.991,70.709,8.2243
1272,528.3,155.64,24.322,59.321,3.7214
1273,528.71,160.36,22.334,54.474,10.64
1273,286.13,174.19,26.452,64.516,9.5336
1274,533.75,167,20.5,50,9.1596
1274,286.52,184.16,24.322,59.321,5.6256
1275,280.97,174.19,26.452,64.516,13.261
1275,528.3,160.4,24.322,59.321,7.1405
1276,280.97,174.19,26.452,64.516,9.3969
1276,528.71,160.36,22.334,54.474,5.5396
1277,280.97,174.19,26.452,64.516,15.109
1277,528.71,160.36,22.334,54.474,4.9903
1278,273.46,170.77,31.538,76.923,6.1053
1278,528.71,160.36,22.334,54.474,5.5856
1279,273.46,170.77,31.538,76.923,13.377
1279,525.75,163,20.5,50,4.0007
1280,528.71,160.36,22.334,54.474,11.608
1280,275.81,174.19,26.452,64.516,6.2423
1280,170.41,111.27,44.846,109.38,2.3312
1281,265.68,153.8,34.577,84.335,12.571
1281,523.56,160.4,24.322,59.321,-0.64273
1282,265.68,153.8,34.577,84.335,17.032
1282,525.75,163,20.5,50,10.292
1283,524.35,160.36,22.334,54.474,12.799
1283,265.68,153.8,34.577,84.335,8.9173
1284,524.35,160.36,22.334,54.474,7.9722
1285,523.56,155.64,24.322,59.321,7.0877
1286,523.56,155.64,24.322,59.321,11.438
1287,524.35,160.36,22.334,54.474,6.0189
1287,265.75,179,20.5,50,0.6469
1287,261.75,191,20.5,50,0.059956
1288,524.35,160.36,22.334,54.474,10.659
1288,260.32,174.19,26.452,64.516,5.2608
1289,524.35,160.36,22.334,54.474,6.1399
1290,257.75,179,20.5,50,2.188
1291,254.42,182.18,22.334,54.474,9.3509
1292,253.33,174.65,24.322,59.321,13.226
1292,524.35,160.36,22.334,54.474,5.4024
1293,254.42,177.82,22.334,54.474,17.057
1294,250,174.19,26.452,64.516,14.014
1294,524.35,160.36,22.334,54.474,1.6383
1295,248.59,174.65,24.322,59.321,12.654
1296,246.02,168,28.991,70.709,8.4435
1297,246.02,168,28.991,70.709,12.624
1297,524.35,164.73,22.334,54.474,2.1112
1298,524.35,160.36,22.334,54.474,3.4733
1298,246.02,173.65,28.991,70.709,3.3637
1298,237.75,187,20.5,50,3.2567
1298,69.75,183,20.5,50,2.8934
1299,524.35,160.36,22.334,54.474,5.7442
1299,239.68,174.19,26.452,64.516,5.1448
1300,524.35,160.36,22.334,54.474,5.5933
1301,234.69,173.65,28.991,70.709,3.0219
1302,234.69,173.65,28.991,70.709,7.4624
1302,524.35,160.36,22.334,54.474,3.9372
1303,234.37,174.65,24.322,59.321,10.134
1304,229.03,173.65,28.991,70.709,14.902
1304,524.35,160.36,22.334,54.474,0.54841
1305,229.35,174.19,26.452,64.516,10.291
1305,520,160.36,22.334,54.474,1.2826
1306,229.35,174.19,26.452,64.516,4.2962
1307,224.19,179.35,26.452,64.516,12.619
1308,224.19,174.19,26.452,64.516,9.4973
1309,224.89,179.41,24.322,59.321,10.511
1310,219.03,179.35,26.452,64.516,11.41
1311,219.03,179.35,26.452,64.516,10.997
1312,212.04,173.65,28.991,70.709,9.119
1313,212.04,173.65,28.991,70.709,6.5687
1314,210.67,174.65,24.322,59.321,7.8809
1315,208.71,174.19,26.452,64.516,10.359
1316,208.71,174.19,26.452,64.516,11.863
1317,205.75,183,20.5,50,10.776
1318,203.55,174.19,26.452,64.516,10.995
1319,205.93,174.65,24.322,59.321,18.381
1320,203.55,174.19,26.452,64.516,13.458
1321,201.19,179.41,24.322,59.321,15.937
1322,201.19,179.41,24.322,59.321,10.962
1323,198.39,179.35,26.452,64.516,6.61
1324,196.44,179.41,24.322,59.321,7.0442
1325,196.44,179.41,24.322,59.321,5.9937
1326,191.7,179.41,24.322,59.321,2.8732
1327,188.06,179.35,26.452,64.516,11.243
1328,188.06,179.35,26.452,64.516,8.9158
1329,186.96,174.65,24.322,59.321,13.918
1330,186.96,174.65,24.322,59.321,8.5229
1331,182.9,174.19,26.452,64.516,11.894
1332,182.22,179.41,24.322,59.321,10.664
1333,175,170.77,31.538,76.923,12.126
1334,177.74,174.19,26.452,64.516,7.5204
1335,177.48,179.41,24.322,59.321,11.546
1336,178.05,168,28.991,70.709,12.117
1336,166.73,173.65,28.991,70.709,2.3935
1337,172.58,179.35,26.452,64.516,9.8774
1338,172.58,174.19,26.452,64.516,9.5099
1338,162.26,179.35,26.452,64.516,1.9258
1339,172.74,174.65,24.322,59.321,10.15
1339,162.26,179.35,26.452,64.516,2.6993
1340,169.75,183,20.5,50,4.8638
1341,167.35,177.82,22.334,54.474,2.688
1352,144.3,184.16,24.322,59.321,5.663
1353,141.22,182.18,22.334,54.474,7.2535
1354,144.3,179.41,24.322,59.321,8.3517
1355,141.61,179.35,26.452,64.516,4.5822
1356,138.41,173.65,28.991,70.709,0.45647
1357,136.45,179.35,26.452,64.516,3.0141
1358,136.45,179.35,26.452,64.516,10.728
1359,134.81,179.41,24.322,59.321,12.189
1360,134.81,179.41,24.322,59.321,12.036
1361,132.52,182.18,22.334,54.474,7.1227
1362,130.07,179.41,24.322,59.321,12.384
1363,130.07,179.41,24.322,59.321,10.655
1364,125.33,179.41,24.322,59.321,6.6595
1365,126.13,174.19,26.452,64.516,3.1304
1366,125.33,179.41,24.322,59.321,6.7567
1367,123.81,182.18,22.334,54.474,4.3187
1368,120.59,179.41,24.322,59.321,11.456
1369,115.81,179.35,26.452,64.516,7.9551
1369,199.62,133.85,31.538,76.923,-0.7075
1370,115.85,179.41,24.322,59.321,9.2085
1371,115.85,179.41,24.322,59.321,13.385
1372,111.11,179.41,24.322,59.321,10.693
1373,111.11,179.41,24.322,59.321,10.748
1374,105.48,174.19,26.452,64.516,12.746
1375,106.37,179.41,24.322,59.321,12.841
1376,106.37,179.41,24.322,59.321,15.983
1377,106.37,179.41,24.322,59.321,12.426
1377,96.889,179.41,24.322,59.321,2.9056
1378,106.37,179.41,24.322,59.321,9.8986
1378,96.889,184.16,24.322,59.321,8.9826
1379,100.32,174.19,26.452,64.516,8.6006
1380,95.161,179.35,26.452,64.516,13.647
1381,95.161,179.35,26.452,64.516,13.822
1382,95.161,179.35,26.452,64.516,9.5312
1383,95.161,179.35,26.452,64.516,6.9127
1384,87.434,173.65,28.991,70.709,11.229
1385,90,174.19,26.452,64.516,11.318
1386,87.407,179.41,24.322,59.321,10.598
1387,87.407,184.16,24.322,59.321,11.277
1388,76.538,170.77,31.538,76.923,4.68
1389,76.538,170.77,31.538,76.923,11.953
1390,82.667,184.16,24.322,59.321,10.829
1390,73.185,179.41,24.322,59.321,4.3849
1391,77.926,184.16,24.322,59.321,14.652
1391,68.444,184.16,24.322,59.321,6.0159
1392,76.538,170.77,31.538,76.923,7.2935
1392,64.779,173.65,28.991,70.709,1.3276
1393,70.442,179.29,28.991,70.709,12.879
1394,74.516,179.35,26.452,64.516,13.151
1395,69.355,179.35,26.452,64.516,8.9991
1396,64.194,179.35,26.452,64.516,7.5341
1397,64.194,179.35,26.452,64.516,11.524
1397,421.75,167,20.5,50,2.9376
1398,64.194,179.35,26.452,64.516,10.697
1399,64.194,179.35,26.452,64.516,6.6582
1400,63.704,184.16,24.322,59.321,7.1992
1401,59.032,179.35,26.452,64.516,7.4772
1402,59.032,179.35,26.452,64.516,11.019
1403,59.115,179.29,28.991,70.709,8.655
1404,53.451,179.29,28.991,70.709,6.3129
1406,49.481,184.16,24.322,59.321,0.74153
1406,69.355,174.19,26.452,64.516,0.40669
1407,49.481,184.16,24.322,59.321,4.602
1410,42.124,179.29,28.991,70.709,5.4164
1411,42.124,179.29,28.991,70.709,6.1445
1412,40,184.16,24.322,59.321,4.0918
1413,36.46,179.29,28.991,70.709,4.0489
1414,36.46,184.94,28.991,70.709,3.4535
1415,35.259,184.16,24.322,59.321,13.024
1416,30.519,184.16,24.322,59.321,8.5342
1417,29.75,195,20.5,50,6.6171
1417,37.75,199,20.5,50,0.068832
1418,30.519,188.91,24.322,59.321,5.0681
1419,28.065,184.52,26.452,64.516,7.474
1420,28.027,190.91,22.334,54.474,10.635
1421,22.903,184.52,26.452,64.516,9.0324
1422,22.903,184.52,26.452,64.516,13.219
1423,17.742,184.52,26.452,64.516,6.8551
1424,17.742,179.35,26.452,64.516,5.4486
1425,17.742,184.52,26.452,64.516,6.8521
1426,17.742,184.52,26.452,64.516,10.631
1427,16.296,184.16,24.322,59.321,14.464
1428,12.581,184.52,26.452,64.516,13.191
1429,12.581,184.52,26.452,64.516,15.265
1429,199.62,133.85,31.538,76.923,1.8129
1430,12.581,184.52,26.452,64.516,18.218
1430,381.75,175,20.5,50,-0.84199
1431,11.556,184.16,24.322,59.321,12.94
1432,7.4194,184.52,26.452,64.516,11.038
1433,7.4194,184.52,26.452,64.516,5.673
1434,6.2585,190.91,22.334,54.474,2.1727
1435,2.2581,184.52,26.452,64.516,6.3497
1436,2.2581,184.52,26.452,64.516,6.6515
1437,-2.9032,184.52,26.452,64.516,1.9819
1438,-2.9032,184.52,26.452,64.516,0.082932
1441,205.77,133.85,31.538,76.923,0.94924
1452,420.32,163.87,26.452,64.516,-0.52325
1469,205.77,133.85,31.538,76.923,0.66815
1471,205.77,133.85,31.538,76.923,-0.18915
1517,170.41,111.27,44.846,109.38,2.1045
1583,199.62,133.85,31.538,76.923,1.2088
1605,199.62,133.85,31.538,76.923,4.8145
1607,199.62,133.85,31.538,76.923,2.4061
1629,205.77,133.85,31.538,76.923,0.45778
1635,205.77,133.85,31.538,76.923,1.5134
1637,199.62,133.85,31.538,76.923,4.025
1651,199.62,133.85,31.538,76.923,0.74592
1657,199.62,133.85,31.538,76.923,2.2917
1675,199.62,133.85,31.538,76.923,2.732
1701,199.62,133.85,31.538,76.923,1.8928
1713,199.62,133.85,31.538,76.923,1.8957
1723,199.62,133.85,31.538,76.923,0.11844
1746,428.74,165.15,24.322,59.321,1.268
1792,161.64,111.27,44.846,109.38,1.8393
1808,161.64,111.27,44.846,109.38,0.73178
