1,41.996,342.33,149.5,364.63,64.12
1,102.25,176.51,213.81,521.48,38.612
2,599.64,173.16,324.33,791.05,59.965
2,836.33,86.118,195.72,477.35,48.337
2,947.32,51.915,212.17,517.5,43.208
2,346.79,230.44,276.89,675.34,26.442
2,468.31,133.09,302.69,738.28,24.571
3,422.37,62.564,256.51,625.64,69.541
3,272.19,87.59,256.51,625.64,39.998
4,316.19,134.2,250.84,611.81,41.824
4,389.87,183,250.84,611.81,22.498
4,560.01,328,164.28,400.67,14.71
5,204.19,192.24,303.77,740.89,69.137
5,314.24,141.68,324.37,791.16,45.565
5,85.169,148.14,178.85,436.21,27.154
5,591.14,79.442,233.37,569.18,15.846
6,225.86,181.8,195.55,476.94,21.207
6,358.11,124.84,231.95,565.73,4.3252
6,494.33,87.59,255.72,623.71,2.298
7,539.56,217.66,213.26,520.14,91.975
7,228.86,239.69,197.16,480.88,73.012
7,729.95,278.04,197.16,480.88,70.47
7,363.77,220.51,197.16,480.88,57.959
7,459.11,327.57,163.28,398.23,51.017
7,663.73,376.12,151.45,369.39,4.7067
7,888.41,311.59,163.28,398.23,3.7559
8,211.19,282.59,53.052,129.39,35.328
8,355.91,326.19,48.765,118.94,33.601
11,196.7,162.7,256.25,625,76.233
11,521.41,137.67,256.25,625,56.187
11,692.46,93.258,273.82,667.85,23.247
12,314.82,291.23,161.81,394.66,7.188
